115.01	22
115.03	15
115.05	18
115.07	19
115.09	18
115.11	19
115.13	17
115.15	24
115.17	17
115.19	15
115.21	14
115.23	17
115.25	16
115.27	16
115.29	25
115.31	20
115.33	22
115.35	11
115.37	19
115.39	19
115.41	16
115.43	16
115.45	13
115.47	19
115.49	18
115.51	23
115.53	18
115.55	21
115.57	14
115.59	17
115.61	23
115.63	18
115.65	14
115.67	18
115.69	16
115.71	27
115.73	20
115.75	22
115.77	24
115.79	12
115.81	26
115.83	20
115.85	19
115.87	23
115.89	25
115.91	14
115.93	24
115.95	18
115.97	11
115.99	18
116.01	10
116.03	23
116.05	20
116.07	19
116.09	19
116.11	16
116.13	18
116.15	23
116.17	22
116.19	18
116.21	12
116.23	22
116.25	12
116.27	14
116.29	15
116.31	17
116.33	20
116.35	21
116.37	22
116.39	24
116.41	18
116.43	11
116.45	15
116.47	17
116.49	29
116.51	10
116.53	17
116.55	19
116.57	22
116.59	14
116.61	15
116.63	20
116.65	16
116.67	19
116.69	28
116.71	14
116.73	23
116.75	18
116.77	22
116.79	14
116.81	19
116.83	17
116.85	26
116.87	10
116.89	14
116.91	20
116.93	14
116.95	10
116.97	23
116.99	18
117.01	21
117.03	21
117.05	25
117.07	19
117.09	20
117.11	16
117.13	18
117.15	21
117.17	25
117.19	14
117.21	17
117.23	13
117.25	21
117.27	23
117.29	16
117.31	19
117.33	15
117.35	20
117.37	20
117.39	18
117.41	16
117.43	22
117.45	29
117.47	16
117.49	15
117.51	23
117.53	19
117.55	20
117.57	20
117.59	13
117.61	27
117.63	16
117.65	12
117.67	18
117.69	11
117.71	22
117.73	16
117.75	16
117.77	21
117.79	21
117.81	20
117.83	16
117.85	20
117.87	21
117.89	18
117.91	17
117.93	20
117.95	16
117.97	16
117.99	20
118.01	18
118.03	21
118.05	22
118.07	21
118.09	17
118.11	32
118.13	27
118.15	18
118.17	16
118.19	19
118.21	24
118.23	22
118.25	19
118.27	21
118.29	16
118.31	21
118.33	28
118.35	20
118.37	23
118.39	22
118.41	29
118.43	23
118.45	17
118.47	20
118.49	10
118.51	21
118.53	17
118.55	13
118.57	14
118.59	21
118.61	19
118.63	18
118.65	18
118.67	15
118.69	20
118.71	22
118.73	24
118.75	27
118.77	18
118.79	21
118.81	19
118.83	26
118.85	23
118.87	26
118.89	27
118.91	20
118.93	17
118.95	16
118.97	26
118.99	26
119.01	23
119.03	18
119.05	17
119.07	35
119.09	20
119.11	19
119.13	22
119.15	23
119.17	26
119.19	16
119.21	21
119.23	20
119.25	18
119.27	21
119.29	21
119.31	20
119.33	29
119.35	23
119.37	27
119.39	31
119.41	27
119.43	26
119.45	25
119.47	25
119.49	22
119.51	20
119.53	19
119.55	21
119.57	25
119.59	20
119.61	20
119.63	16
119.65	12
119.67	28
119.69	18
119.71	21
119.73	24
119.75	13
119.77	25
119.79	21
119.81	24
119.83	33
119.85	33
119.87	20
119.89	26
119.91	26
119.93	24
119.95	27
119.97	20
119.99	17
120.01	30
120.03	22
120.05	28
120.07	36
120.09	29
120.11	27
120.13	28
120.15	12
120.17	20
120.19	19
120.21	22
120.23	23
120.25	22
120.27	25
120.29	27
120.31	18
120.33	21
120.35	17
120.37	27
120.39	15
120.41	20
120.43	22
120.45	18
120.47	18
120.49	21
120.51	26
120.53	28
120.55	34
120.57	26
120.59	19
120.61	13
120.63	25
120.65	19
120.67	22
120.69	26
120.71	22
120.73	32
120.75	21
120.77	22
120.79	24
120.81	20
120.83	27
120.85	25
120.87	19
120.89	21
120.91	30
120.93	25
120.95	21
120.97	25
120.99	24
121.01	26
121.03	22
121.05	31
121.07	32
121.09	26
121.11	30
121.13	18
121.15	28
121.17	31
121.19	29
121.21	27
121.23	20
121.25	24
121.27	20
121.29	19
121.31	26
121.33	27
121.35	30
121.37	25
121.39	34
121.41	34
121.43	16
121.45	25
121.47	20
121.49	29
121.51	29
121.53	22
121.55	16
121.57	25
121.59	28
121.61	24
121.63	28
121.65	27
121.67	27
121.69	26
121.71	22
121.73	34
121.75	27
121.77	26
121.79	27
121.81	30
121.83	29
121.85	29
121.87	21
121.89	33
121.91	27
121.93	19
121.95	20
121.97	23
121.99	27
122.01	29
122.03	28
122.05	36
122.07	23
122.09	25
122.11	19
122.13	28
122.15	34
122.17	27
122.19	22
122.21	27
122.23	21
122.25	27
122.27	21
122.29	30
122.31	30
122.33	26
122.35	21
122.37	22
122.39	30
122.41	34
122.43	26
122.45	30
122.47	42
122.49	23
122.51	36
122.53	27
122.55	25
122.57	24
122.59	32
122.61	26
122.63	26
122.65	21
122.67	30
122.69	23
122.71	20
122.73	19
122.75	26
122.77	29
122.79	28
122.81	27
122.83	26
122.85	30
122.87	26
122.89	20
122.91	28
122.93	29
122.95	43
122.97	17
122.99	23
123.01	30
123.03	36
123.05	35
123.07	42
123.09	19
123.11	34
123.13	30
123.15	40
123.17	26
123.19	32
123.21	39
123.23	30
123.25	25
123.27	34
123.29	27
123.31	25
123.33	27
123.35	34
123.37	32
123.39	26
123.41	23
123.43	49
123.45	43
123.47	27
123.49	25
123.51	23
123.53	33
123.55	33
123.57	27
123.59	25
123.61	34
123.63	32
123.65	28
123.67	25
123.69	28
123.71	29
123.73	26
123.75	19
123.77	22
123.79	26
123.81	32
123.83	32
123.85	30
123.87	32
123.89	31
123.91	39
123.93	34
123.95	26
123.97	42
123.99	34
124.01	27
124.03	29
124.05	26
124.07	20
124.09	36
124.11	28
124.13	18
124.15	35
124.17	28
124.19	27
124.21	35
124.23	29
124.25	32
124.27	40
124.29	27
124.31	32
124.33	29
124.35	27
124.37	34
124.39	36
124.41	30
124.43	32
124.45	28
124.47	29
124.49	41
124.51	21
124.53	30
124.55	25
124.57	30
124.59	26
124.61	30
124.63	31
124.65	23
124.67	28
124.69	41
124.71	34
124.73	20
124.75	36
124.77	33
124.79	33
124.81	31
124.83	17
124.85	23
124.87	35
124.89	26
124.91	32
124.93	21
124.95	33
124.97	34
124.99	31
125.01	34
125.03	32
125.05	26
125.07	32
125.09	34
125.11	34
125.13	17
125.15	32
125.17	31
125.19	26
125.21	36
125.23	24
125.25	21
125.27	20
125.29	26
125.31	21
125.33	31
125.35	34
125.37	30
125.39	32
125.41	24
125.43	28
125.45	33
125.47	34
125.49	28
125.51	20
125.53	26
125.55	31
125.57	24
125.59	39
125.61	21
125.63	27
125.65	32
125.67	25
125.69	33
125.71	36
125.73	28
125.75	26
125.77	26
125.79	23
125.81	31
125.83	31
125.85	28
125.87	29
125.89	31
125.91	30
125.93	34
125.95	38
125.97	45
125.99	31
126.01	24
126.03	27
126.05	30
126.07	31
126.09	30
126.11	28
126.13	37
126.15	22
126.17	35
126.19	29
126.21	22
126.23	30
126.25	31
126.27	35
126.29	33
126.31	28
126.33	25
126.35	39
126.37	34
126.39	33
126.41	34
126.43	21
126.45	28
126.47	38
126.49	35
126.51	31
126.53	28
126.55	36
126.57	24
126.59	24
126.61	33
126.63	35
126.65	45
126.67	38
126.69	30
126.71	20
126.73	29
126.75	28
126.77	37
126.79	22
126.81	33
126.83	25
126.85	39
126.87	33
126.89	39
126.91	34
126.93	38
126.95	31
126.97	29
126.99	33
127.01	31
127.03	28
127.05	32
127.07	31
127.09	33
127.11	32
127.13	34
127.15	40
127.17	35
127.19	39
127.21	30
127.23	28
127.25	27
127.27	21
127.29	25
127.31	36
127.33	32
127.35	41
127.37	23
127.39	38
127.41	37
127.43	33
127.45	31
127.47	38
127.49	31
127.51	24
127.53	33
127.55	28
127.57	36
127.59	44
127.61	31
127.63	30
127.65	45
127.67	31
127.69	30
127.71	24
127.73	36
127.75	40
127.77	29
127.79	27
127.81	30
127.83	29
127.85	33
127.87	33
127.89	40
127.91	45
127.93	32
127.95	38
127.97	26
127.99	27
128.01	41
128.03	35
128.05	39
128.07	23
128.09	30
128.11	45
128.13	28
128.15	49
128.17	31
128.19	32
128.21	51
128.23	41
128.25	35
128.27	36
128.29	37
128.31	38
128.33	35
128.35	34
128.37	31
128.39	36
128.41	43
128.43	43
128.45	23
128.47	32
128.49	35
128.51	27
128.53	31
128.55	42
128.57	34
128.59	38
128.61	43
128.63	30
128.65	40
128.67	33
128.69	32
128.71	40
128.73	35
128.75	37
128.77	38
128.79	36
128.81	46
128.83	33
128.85	39
128.87	51
128.89	39
128.91	41
128.93	46
128.95	29
128.97	36
128.99	43
129.01	40
129.03	41
129.05	41
129.07	35
129.09	55
129.11	38
129.13	36
129.15	32
129.17	43
129.19	39
129.21	27
129.23	51
129.25	39
129.27	33
129.29	40
129.31	45
129.33	29
129.35	43
129.37	32
129.39	36
129.41	30
129.43	44
129.45	41
129.47	45
129.49	41
129.51	28
129.53	40
129.55	37
129.57	31
129.59	31
129.61	27
129.63	38
129.65	30
129.67	38
129.69	42
129.71	41
129.73	44
129.75	36
129.77	45
129.79	42
129.81	38
129.83	34
129.85	35
129.87	43
129.89	37
129.91	39
129.93	42
129.95	41
129.97	38
129.99	45
130.01	32
130.03	41
130.05	27
130.07	37
130.09	32
130.11	42
130.13	39
130.15	36
130.17	36
130.19	35
130.21	57
130.23	36
130.25	56
130.27	35
130.29	48
130.31	40
130.33	37
130.35	43
130.37	51
130.39	38
130.41	41
130.43	44
130.45	36
130.47	43
130.49	34
130.51	45
130.53	42
130.55	33
130.57	28
130.59	46
130.61	42
130.63	49
130.65	40
130.67	47
130.69	35
130.71	30
130.73	34
130.75	40
130.77	38
130.79	39
130.81	38
130.83	41
130.85	35
130.87	37
130.89	47
130.91	45
130.93	38
130.95	40
130.97	43
130.99	55
131.01	41
131.03	47
131.05	39
131.07	48
131.09	52
131.11	40
131.13	39
131.15	39
131.17	48
131.19	49
131.21	36
131.23	51
131.25	40
131.27	33
131.29	42
131.31	44
131.33	45
131.35	42
131.37	45
131.39	52
131.41	37
131.43	45
131.45	39
131.47	56
131.49	57
131.51	45
131.53	45
131.55	43
131.57	30
131.59	41
131.61	49
131.63	47
131.65	52
131.67	41
131.69	49
131.71	48
131.73	36
131.75	39
131.77	38
131.79	50
131.81	47
131.83	43
131.85	47
131.87	26
131.89	48
131.91	37
131.93	59
131.95	43
131.97	55
131.99	42
132.01	44
132.03	49
132.05	46
132.07	47
132.09	39
132.11	47
132.13	53
132.15	50
132.17	51
132.19	42
132.21	52
132.23	46
132.25	30
132.27	44
132.29	46
132.31	47
132.33	48
132.35	40
132.37	54
132.39	45
132.41	48
132.43	48
132.45	50
132.47	39
132.49	33
132.51	36
132.53	44
132.55	46
132.57	51
132.59	52
132.61	57
132.63	46
132.65	62
132.67	47
132.69	51
132.71	46
132.73	56
132.75	42
132.77	58
132.79	56
132.81	46
132.83	41
132.85	44
132.87	41
132.89	47
132.91	51
132.93	46
132.95	46
132.97	50
132.99	47
133.01	53
133.03	38
133.05	42
133.07	46
133.09	46
133.11	55
133.13	57
133.15	44
133.17	53
133.19	62
133.21	60
133.23	61
133.25	54
133.27	52
133.29	59
133.31	41
133.33	50
133.35	45
133.37	40
133.39	54
133.41	49
133.43	55
133.45	56
133.47	56
133.49	62
133.51	45
133.53	47
133.55	47
133.57	55
133.59	54
133.61	60
133.63	54
133.65	64
133.67	49
133.69	52
133.71	50
133.73	51
133.75	57
133.77	57
133.79	49
133.81	47
133.83	39
133.85	55
133.87	62
133.89	43
133.91	66
133.93	57
133.95	54
133.97	47
133.99	53
134.01	64
134.03	59
134.05	39
134.07	61
134.09	74
134.11	59
134.13	53
134.15	46
134.17	74
134.19	43
134.21	46
134.23	73
134.25	55
134.27	61
134.29	43
134.31	56
134.33	68
134.35	61
134.37	56
134.39	67
134.41	60
134.43	53
134.45	62
134.47	53
134.49	53
134.51	61
134.53	54
134.55	59
134.57	55
134.59	55
134.61	65
134.63	62
134.65	69
134.67	55
134.69	53
134.71	58
134.73	54
134.75	57
134.77	54
134.79	55
134.81	65
134.83	57
134.85	59
134.87	60
134.89	53
134.91	45
134.93	61
134.95	66
134.97	64
